TABLE NO.  1
 ID          TIME        DAY         MDV         CMT         admPK       centPK      peri1PK     peri2PK     compeffPD   attPD       E           flag        Cfree       Ctot
  1.0000E+00  0.0000E+00  0.0000E+00  0.0000E+00  5.0000E+00  0.0000E+00  0.0000E+00  0.0000E+00  0.0000E+00  0.0000E+00  0.0000E+00  3.0800E+00 -1.0000E+00  0.0000E+00  0.0000E+00
  1.0000E+00  1.0000E-04  0.0000E+00  1.0000E+00  1.0000E+00  0.0000E+00  0.0000E+00  0.0000E+00  0.0000E+00  0.0000E+00  1.0200E-08  3.0800E+00 -1.0000E+00  0.0000E+00  0.0000E+00
  1.0000E+00  6.0000E+00  1.0000E+00  0.0000E+00  5.0000E+00  1.1002E-02  7.5746E+03  1.3834E+00  3.3157E-02  9.5882E-02  6.1181E-04  3.1956E+00  1.0000E+00  9.2616E-01  3.8249E+02
  1.0000E+00  1.2000E+01  1.0000E+00  0.0000E+00  5.0000E+00  8.7897E-09  7.1239E+03  2.4564E+00  6.7578E-02  1.8613E-01  1.2233E-03  3.2844E+00  1.0000E+00  8.7105E-01  3.5974E+02
  1.0000E+00  1.8000E+01  1.0000E+00  0.0000E+00  5.0000E+00  4.4426E-15  6.7004E+03  3.1559E+00  9.9187E-02  2.6022E-01  1.8343E-03  3.3525E+00  1.0000E+00  8.1926E-01  3.3835E+02
  1.0000E+00  2.4000E+01  1.0000E+00  0.0000E+00  5.0000E+00 -7.1412E-18  6.3022E+03  3.5871E+00  1.2817E-01  3.2031E-01  2.4450E-03  3.4056E+00  1.0000E+00  7.7058E-01  3.1824E+02
  1.0000E+00  3.0000E+01  2.0000E+00  0.0000E+00  5.0000E+00  1.1002E-02  1.3502E+04  5.2102E+00  1.8785E-01  4.6422E-01  3.0553E-03  3.5278E+00  1.0000E+00  1.6510E+00  6.8183E+02
  1.0000E+00  3.6000E+01  2.0000E+00  0.0000E+00  5.0000E+00  8.7897E-09  1.2700E+04  6.3873E+00  2.4650E-01  5.9209E-01  3.6653E-03  3.6317E+00  1.0000E+00  1.5528E+00  6.4130E+02
  1.0000E+00  4.2000E+01  2.0000E+00  0.0000E+00  5.0000E+00  4.4426E-15  1.1945E+04  7.0959E+00  3.0019E-01  6.9487E-01  4.2748E-03  3.7127E+00  1.0000E+00  1.4606E+00  6.0319E+02
  1.0000E+00  4.8000E+01  2.0000E+00  0.0000E+00  5.0000E+00 -7.1412E-18  1.1236E+04  7.4707E+00  3.4926E-01  7.7602E-01  4.8840E-03  3.7753E+00  1.0000E+00  1.3738E+00  5.6737E+02
  1.0000E+00  5.4000E+01  3.0000E+00  0.0000E+00  5.0000E+00  1.1002E-02  1.8143E+04  8.9932E+00  4.2716E-01  9.3445E-01  5.4929E-03  3.8953E+00  1.0000E+00  2.2184E+00  9.1618E+02
  1.0000E+00  6.0000E+01  3.0000E+00  0.0000E+00  5.0000E+00  8.7897E-09  1.7065E+04  1.0041E+01  5.0229E-01  1.0713E+00  6.1013E-03  3.9964E+00  1.0000E+00  2.0866E+00  8.6174E+02
  1.0000E+00  6.6000E+01  3.0000E+00  0.0000E+00  5.0000E+00  4.4426E-15  1.6052E+04  1.0602E+01  5.7085E-01  1.1784E+00  6.7094E-03  4.0740E+00  1.0000E+00  1.9627E+00  8.1056E+02
  1.0000E+00  7.2000E+01  3.0000E+00  0.0000E+00  5.0000E+00 -7.1412E-18  1.5099E+04  1.0820E+01  6.3326E-01  1.2599E+00  7.3171E-03  4.1323E+00  1.0000E+00  1.8461E+00  7.6243E+02
  1.0000E+00  7.8000E+01  4.0000E+00  0.0000E+00  5.0000E+00  1.1002E-02  2.1777E+04  1.2181E+01  7.2309E-01  1.4154E+00  7.9244E-03  4.2423E+00  1.0000E+00  2.6627E+00  1.0997E+03
  1.0000E+00  8.4000E+01  4.0000E+00  0.0000E+00  5.0000E+00  8.7897E-09  2.0483E+04  1.3067E+01  8.0884E-01  1.5466E+00  8.5314E-03  4.3336E+00  1.0000E+00  2.5045E+00  1.0343E+03
  1.0000E+00  9.0000E+01  4.0000E+00  0.0000E+00  5.0000E+00  4.4426E-15  1.9267E+04  1.3468E+01  8.8679E-01  1.6458E+00  9.1380E-03  4.4017E+00  1.0000E+00  2.3558E+00  9.7293E+02
  1.0000E+00  9.6000E+01  4.0000E+00  0.0000E+00  5.0000E+00 -7.1412E-18  1.8123E+04  1.3531E+01  9.5746E-01  1.7176E+00  9.7442E-03  4.4503E+00  1.0000E+00  2.2160E+00  9.1517E+02
  1.0000E+00  1.0200E+02  5.0000E+00  0.0000E+00  5.0000E+00  1.1002E-02  2.4622E+04  1.4742E+01  1.0545E+00  1.8620E+00  1.0350E-02  4.5478E+00  1.0000E+00  3.0106E+00  1.2433E+03
  1.0000E+00  1.0800E+02  5.0000E+00  0.0000E+00  5.0000E+00  8.7897E-09  2.3160E+04  1.5483E+01  1.1465E+00  1.9809E+00  1.0956E-02  4.6271E+00  1.0000E+00  2.8318E+00  1.1695E+03
  1.0000E+00  1.1400E+02  5.0000E+00  0.0000E+00  5.0000E+00  4.4426E-15  2.1785E+04  1.5748E+01  1.2297E+00  2.0669E+00  1.1561E-02  4.6838E+00  1.0000E+00  2.6637E+00  1.1001E+03
  1.0000E+00  1.2000E+02  5.0000E+00  0.0000E+00  5.0000E+00 -7.1412E-18  2.0492E+04  1.5679E+01  1.3048E+00  2.1249E+00  1.2165E-02  4.7214E+00  1.0000E+00  2.5056E+00  1.0348E+03
  1.0000E+00  1.2600E+02  6.0000E+00  0.0000E+00  5.0000E+00  1.1002E-02  2.6850E+04  1.6765E+01  1.4055E+00  2.2550E+00  1.2770E-02  4.8064E+00  1.0000E+00  3.2830E+00  1.3558E+03
  1.0000E+00  1.3200E+02  6.0000E+00  0.0000E+00  5.0000E+00  8.7897E-09  2.5256E+04  1.7389E+01  1.5005E+00  2.3594E+00  1.3374E-02  4.8738E+00  1.0000E+00  3.0881E+00  1.2753E+03
  1.0000E+00  1.3800E+02  6.0000E+00  0.0000E+00  5.0000E+00  4.4426E-15  2.3756E+04  1.7542E+01  1.5860E+00  2.4308E+00  1.3977E-02  4.9193E+00  1.0000E+00  2.9047E+00  1.1996E+03
  1.0000E+00  1.4400E+02  6.0000E+00  0.0000E+00  5.0000E+00 -7.1412E-18  2.2346E+04  1.7368E+01  1.6627E+00  2.4741E+00  1.4581E-02  4.9463E+00  1.0000E+00  2.7323E+00  1.1284E+03
  1.0000E+00  1.5000E+02  7.0000E+00  0.0000E+00  5.0000E+00  1.1002E-02  2.8595E+04  1.8355E+01  1.7645E+00  2.5897E+00  1.5184E-02  5.0198E+00  1.0000E+00  3.4963E+00  1.4439E+03
  1.0000E+00  1.5600E+02  7.0000E+00  0.0000E+00  5.0000E+00  8.7897E-09  2.6897E+04  1.8886E+01  1.8599E+00  2.6797E+00  1.5786E-02  5.0765E+00  1.0000E+00  3.2887E+00  1.3582E+03
  1.0000E+00  1.6200E+02  7.0000E+00  0.0000E+00  5.0000E+00  4.4426E-15  2.5300E+04  1.8950E+01  1.9455E+00  2.7369E+00  1.6388E-02  5.1118E+00  1.0000E+00  3.0935E+00  1.2776E+03
  1.0000E+00  1.6800E+02  7.0000E+00  0.0000E+00  5.0000E+00 -7.1412E-18  2.3799E+04  1.8693E+01  2.0219E+00  2.7664E+00  1.6990E-02  5.1294E+00  1.0000E+00  2.9099E+00  1.2018E+03
  1.0000E+00  1.7400E+02  8.0000E+00  0.0000E+00  5.0000E+00  1.1002E-02  2.9961E+04  1.9602E+01  2.1228E+00  2.8684E+00  1.7591E-02  5.1929E+00  1.0000E+00  3.6634E+00  1.5129E+03
  1.0000E+00  1.8000E+02  8.0000E+00  0.0000E+00  5.0000E+00  8.7897E-09  2.8182E+04  2.0058E+01  2.2170E+00  2.9453E+00  1.8192E-02  5.2402E+00  1.0000E+00  3.4459E+00  1.4231E+03
  1.0000E+00  1.8600E+02  8.0000E+00  0.0000E+00  5.0000E+00  4.4426E-15  2.6509E+04  2.0053E+01  2.3010E+00  2.9898E+00  1.8793E-02  5.2669E+00  1.0000E+00  3.2413E+00  1.3386E+03
  1.0000E+00  1.9200E+02  8.0000E+00  0.0000E+00  5.0000E+00 -7.1412E-18  2.4936E+04  1.9731E+01  2.3755E+00  3.0069E+00  1.9393E-02  5.2763E+00  1.0000E+00  3.0489E+00  1.2592E+03
  1.0000E+00  1.9800E+02  9.0000E+00  0.0000E+00  5.0000E+00  1.1002E-02  3.1031E+04  2.0578E+01  2.4743E+00  3.0970E+00  1.9993E-02  5.3315E+00  1.0000E+00  3.7942E+00  1.5670E+03
  1.0000E+00  2.0400E+02  9.0000E+00  0.0000E+00  5.0000E+00  8.7897E-09  2.9188E+04  2.0977E+01  2.5661E+00  3.1624E+00  2.0593E-02  5.3709E+00  1.0000E+00  3.5689E+00  1.4739E+03
  1.0000E+00  2.1000E+02  9.0000E+00  0.0000E+00  5.0000E+00  4.4426E-15  2.7456E+04  2.0918E+01  2.6474E+00  3.1959E+00  2.1192E-02  5.3903E+00  1.0000E+00  3.3571E+00  1.3864E+03
  1.0000E+00  2.1600E+02  9.0000E+00  0.0000E+00  5.0000E+00 -7.1412E-18  2.5826E+04  2.0544E+01  2.7190E+00  3.2025E+00  2.1791E-02  5.3930E+00  1.0000E+00  3.1578E+00  1.3042E+03
  1.0000E+00  2.2200E+02  1.0000E+01  0.0000E+00  5.0000E+00  1.1002E-02  3.1869E+04  2.1343E+01  2.8146E+00  3.2825E+00  2.2390E-02  5.4411E+00  1.0000E+00  3.8966E+00  1.6093E+03
  1.0000E+00  2.2800E+02  1.0000E+01  0.0000E+00  5.0000E+00  8.7897E-09  2.9976E+04  2.1697E+01  2.9032E+00  3.3382E+00  2.2988E-02  5.4741E+00  1.0000E+00  3.6653E+00  1.5137E+03
  1.0000E+00  2.3400E+02  1.0000E+01  0.0000E+00  5.0000E+00  4.4426E-15  2.8197E+04  2.1595E+01  2.9810E+00  3.3624E+00  2.3585E-02  5.4875E+00  1.0000E+00  3.4477E+00  1.4239E+03
  1.0000E+00  2.4000E+02  1.0000E+01  0.0000E+00  5.0000E+00 -7.1412E-18  2.6524E+04  2.1181E+01  3.0490E+00  3.3601E+00  2.4183E-02  5.4847E+00  1.0000E+00  3.2431E+00  1.3394E+03
  1.0000E+00  2.4600E+02  1.1000E+01  0.0000E+00  5.0000E+00  1.1002E-02  3.2525E+04  2.1942E+01  3.1410E+00  3.4317E+00  2.4780E-02  5.5271E+00  1.0000E+00  3.9768E+00  1.6424E+03
  1.0000E+00  2.5200E+02  1.1000E+01  0.0000E+00  5.0000E+00  8.7897E-09  3.0594E+04  2.2260E+01  3.2257E+00  3.4794E+00  2.5376E-02  5.5548E+00  1.0000E+00  3.7407E+00  1.5449E+03
  1.0000E+00  2.5800E+02  1.1000E+01  0.0000E+00  5.0000E+00  4.4426E-15  2.8778E+04  2.2125E+01  3.2996E+00  3.4959E+00  2.5973E-02  5.5634E+00  1.0000E+00  3.5187E+00  1.4532E+03
  1.0000E+00  2.6400E+02  1.1000E+01  0.0000E+00  5.0000E+00 -7.1412E-18  2.7070E+04  2.1679E+01  3.3636E+00  3.4864E+00  2.6569E-02  5.5561E+00  1.0000E+00  3.3099E+00  1.3669E+03
  1.0000E+00  2.7000E+02  1.2000E+01  0.0000E+00  5.0000E+00  1.1002E-02  3.3038E+04  2.2411E+01  3.4514E+00  3.5510E+00  2.7164E-02  5.5940E+00  1.0000E+00  4.0396E+00  1.6683E+03
  1.0000E+00  2.7600E+02  1.2000E+01  0.0000E+00  5.0000E+00  8.7897E-09  3.1077E+04  2.2701E+01  3.5320E+00  3.5921E+00  2.7759E-02  5.6174E+00  1.0000E+00  3.7998E+00  1.5693E+03
  1.0000E+00  2.8200E+02  1.2000E+01  0.0000E+00  5.0000E+00  4.4426E-15  2.9232E+04  2.2540E+01  3.6017E+00  3.6024E+00  2.8354E-02  5.6221E+00  1.0000E+00  3.5743E+00  1.4761E+03
  1.0000E+00  2.8800E+02  1.2000E+01  0.0000E+00  5.0000E+00 -7.1412E-18  2.7497E+04  2.2070E+01  3.6614E+00  3.5869E+00  2.8949E-02  5.6112E+00  1.0000E+00  3.3621E+00  1.3885E+03
  1.0000E+00  2.9400E+02  1.3000E+01  0.0000E+00  5.0000E+00  1.1002E-02  3.3440E+04  2.2779E+01  3.7450E+00  3.6459E+00  2.9543E-02  5.6454E+00  1.0000E+00  4.0888E+00  1.6886E+03
  1.0000E+00  3.0000E+02  1.3000E+01  0.0000E+00  5.0000E+00  8.7897E-09  3.1455E+04  2.3047E+01  3.8212E+00  3.6817E+00  3.0137E-02  5.6654E+00  1.0000E+00  3.8461E+00  1.5884E+03
  1.0000E+00  3.0600E+02  1.3000E+01  0.0000E+00  5.0000E+00  4.4426E-15  2.9588E+04  2.2865E+01  3.8866E+00  3.6870E+00  3.0730E-02  5.6670E+00  1.0000E+00  3.6178E+00  1.4941E+03
  1.0000E+00  3.1200E+02  1.3000E+01  0.0000E+00  5.0000E+00 -7.1412E-18  2.7832E+04  2.2376E+01  3.9420E+00  3.6667E+00  3.1323E-02  5.6532E+00  1.0000E+00  3.4031E+00  1.4054E+03
  1.0000E+00  3.1800E+02  1.4000E+01  0.0000E+00  5.0000E+00  1.1002E-02  3.3755E+04  2.3066E+01  4.0212E+00  3.7212E+00  3.1916E-02  5.6845E+00  1.0000E+00  4.1273E+00  1.7045E+03
  1.0000E+00  3.2400E+02  1.4000E+01  0.0000E+00  5.0000E+00  8.7897E-09  3.1752E+04  2.3317E+01  4.0931E+00  3.7527E+00  3.2508E-02  5.7018E+00  1.0000E+00  3.8823E+00  1.6033E+03
  1.0000E+00  3.3000E+02  1.4000E+01  0.0000E+00  5.0000E+00  4.4426E-15  2.9867E+04  2.3119E+01  4.1541E+00  3.7540E+00  3.3100E-02  5.7010E+00  1.0000E+00  3.6519E+00  1.5082E+03
  1.0000E+00  3.3600E+02  1.4000E+01  0.0000E+00  5.0000E+00 -7.1412E-18  2.8095E+04  2.2615E+01  4.2052E+00  3.7299E+00  3.3691E-02  5.6849E+00  1.0000E+00  3.4352E+00  1.4187E+03
  1.0000E+00  3.4200E+02  1.5000E+01  0.0000E+00  5.0000E+00  1.1002E-02  3.4002E+04  2.3291E+01  4.2801E+00  3.7808E+00  3.4283E-02  5.7139E+00  1.0000E+00  4.1575E+00  1.7170E+03
  1.0000E+00  3.4800E+02  1.5000E+01  0.0000E+00  5.0000E+00  8.7897E-09  3.1984E+04  2.3529E+01  4.3476E+00  3.8089E+00  3.4873E-02  5.7291E+00  1.0000E+00  3.9107E+00  1.6151E+03
  1.0000E+00  3.5400E+02  1.5000E+01  0.0000E+00  5.0000E+00  4.4426E-15  3.0085E+04  2.3319E+01  4.4044E+00  3.8069E+00  3.5464E-02  5.7262E+00  1.0000E+00  3.6786E+00  1.5192E+03
  1.0000E+00  3.6000E+02  1.5000E+01  0.0000E+00  5.0000E+00 -7.1412E-18  2.8300E+04  2.2802E+01  4.4512E+00  3.7798E+00  3.6054E-02  5.7084E+00  1.0000E+00  3.4603E+00  1.4291E+03
  1.0000E+00  3.6600E+02  1.6000E+01  0.0000E+00  5.0000E+00  1.1002E-02  3.4195E+04  2.3468E+01  4.5219E+00  3.8278E+00  3.6644E-02  5.7355E+00  1.0000E+00  4.1811E+00  1.7268E+03
  1.0000E+00  3.7200E+02  1.6000E+01  0.0000E+00  5.0000E+00  8.7897E-09  3.2165E+04  2.3695E+01  4.5852E+00  3.8532E+00  3.7233E-02  5.7490E+00  1.0000E+00  3.9329E+00  1.6242E+03
  1.0000E+00  3.7800E+02  1.6000E+01  0.0000E+00  5.0000E+00  4.4426E-15  3.0256E+04  2.3475E+01  4.6378E+00  3.8486E+00  3.7822E-02  5.7446E+00  1.0000E+00  3.6995E+00  1.5278E+03
  1.0000E+00  3.8400E+02  1.6000E+01  0.0000E+00  5.0000E+00 -7.1412E-18  2.8461E+04  2.2949E+01  4.6805E+00  3.8191E+00  3.8411E-02  5.7254E+00  1.0000E+00  3.4799E+00  1.4372E+03
  1.0000E+00  3.9000E+02  1.7000E+01  0.0000E+00  5.0000E+00  1.1002E-02  3.4347E+04  2.3606E+01  4.7471E+00  3.8649E+00  3.8999E-02  5.7510E+00  1.0000E+00  4.1996E+00  1.7344E+03
  1.0000E+00  3.9600E+02  1.7000E+01  0.0000E+00  5.0000E+00  8.7897E-09  3.2308E+04  2.3825E+01  4.8064E+00  3.8881E+00  3.9587E-02  5.7632E+00  1.0000E+00  3.9503E+00  1.6314E+03
  1.0000E+00  4.0200E+02  1.7000E+01  0.0000E+00  5.0000E+00  4.4426E-15  3.0390E+04  2.3597E+01  4.8550E+00  3.8815E+00  4.0175E-02  5.7576E+00  1.0000E+00  3.7158E+00  1.5346E+03
  1.0000E+00  4.0800E+02  1.7000E+01  0.0000E+00  5.0000E+00 -7.1412E-18  2.8587E+04  2.3064E+01  4.8937E+00  3.8501E+00  4.0762E-02  5.7373E+00  1.0000E+00  3.4953E+00  1.4435E+03
  1.0000E+00  4.1400E+02  1.8000E+01  0.0000E+00  5.0000E+00  1.1002E-02  3.4465E+04  2.3714E+01  4.9564E+00  3.8940E+00  4.1349E-02  5.7618E+00  1.0000E+00  4.2141E+00  1.7404E+03
  1.0000E+00  4.2000E+02  1.8000E+01  0.0000E+00  5.0000E+00  8.7897E-09  3.2419E+04  2.3927E+01  5.0119E+00  3.9155E+00  4.1935E-02  5.7729E+00  1.0000E+00  3.9639E+00  1.6371E+03
  1.0000E+00  4.2600E+02  1.8000E+01  0.0000E+00  5.0000E+00  4.4426E-15  3.0495E+04  2.3693E+01  5.0567E+00  3.9073E+00  4.2521E-02  5.7664E+00  1.0000E+00  3.7287E+00  1.5399E+03
  1.0000E+00  4.3200E+02  1.8000E+01  0.0000E+00  5.0000E+00 -7.1412E-18  2.8685E+04  2.3154E+01  5.0916E+00  3.8744E+00  4.3107E-02  5.7453E+00  1.0000E+00  3.5074E+00  1.4485E+03
  1.0000E+00  4.3800E+02  1.9000E+01  0.0000E+00  5.0000E+00  1.1002E-02  3.4558E+04  2.3799E+01  5.1506E+00  3.9169E+00  4.3693E-02  5.7687E+00  1.0000E+00  4.2254E+00  1.7451E+03
  1.0000E+00  4.4400E+02  1.9000E+01  0.0000E+00  5.0000E+00  8.7897E-09  3.2506E+04  2.4007E+01  5.2024E+00  3.9371E+00  4.4278E-02  5.7790E+00  1.0000E+00  3.9746E+00  1.6415E+03
  1.0000E+00  4.5000E+02  1.9000E+01  0.0000E+00  5.0000E+00  4.4426E-15  3.0577E+04  2.3768E+01  5.2436E+00  3.9276E+00  4.4863E-02  5.7718E+00  1.0000E+00  3.7387E+00  1.5440E+03
  1.0000E+00  4.5600E+02  1.9000E+01  0.0000E+00  5.0000E+00 -7.1412E-18  2.8763E+04  2.3225E+01  5.2750E+00  3.8935E+00  4.5447E-02  5.7500E+00  1.0000E+00  3.5168E+00  1.4524E+03
  1.0000E+00  4.6200E+02  2.0000E+01  0.0000E+00  5.0000E+00  1.1002E-02  3.4631E+04  2.3865E+01  5.3305E+00  3.9349E+00  4.6031E-02  5.7728E+00  1.0000E+00  4.2343E+00  1.7487E+03
  1.0000E+00  4.6800E+02  2.0000E+01  0.0000E+00  5.0000E+00  8.7897E-09  3.2575E+04  2.4069E+01  5.3788E+00  3.9540E+00  4.6615E-02  5.7824E+00  1.0000E+00  3.9830E+00  1.6449E+03
  1.0000E+00  4.7400E+02  2.0000E+01  0.0000E+00  5.0000E+00  4.4426E-15  3.0641E+04  2.3826E+01  5.4166E+00  3.9436E+00  4.7198E-02  5.7746E+00  1.0000E+00  3.7466E+00  1.5473E+03
  1.0000E+00  4.8000E+02  2.0000E+01  0.0000E+00  5.0000E+00 -7.1412E-18  2.8823E+04  2.3280E+01  5.4447E+00  3.9085E+00  4.7781E-02  5.7523E+00  1.0000E+00  3.5242E+00  1.4555E+03
  1.0000E+00  4.8600E+02  2.1000E+01  0.0000E+00  5.0000E+00  1.1002E-02  3.4688E+04  2.3917E+01  5.4968E+00  3.9490E+00  4.8363E-02  5.7745E+00  1.0000E+00  4.2413E+00  1.7516E+03
  1.0000E+00  4.9200E+02  2.1000E+01  0.0000E+00  5.0000E+00  8.7897E-09  3.2628E+04  2.4118E+01  5.5420E+00  3.9673E+00  4.8946E-02  5.7835E+00  1.0000E+00  3.9895E+00  1.6476E+03
  1.0000E+00  4.9800E+02  2.1000E+01  0.0000E+00  5.0000E+00  4.4426E-15  3.0692E+04  2.3872E+01  5.5766E+00  3.9561E+00  4.9527E-02  5.7753E+00  1.0000E+00  3.7527E+00  1.5498E+03
  1.0000E+00  5.0400E+02  2.1000E+01  0.0000E+00  5.0000E+00 -7.1412E-18  2.8871E+04  2.3323E+01  5.6015E+00  3.9203E+00  5.0109E-02  5.7527E+00  1.0000E+00  3.5300E+00  1.4579E+03
  1.0000E+00  5.1000E+02  2.2000E+01  0.0000E+00  5.0000E+00  1.1002E-02  3.4732E+04  2.3958E+01  5.6506E+00  3.9601E+00  5.0690E-02  5.7744E+00  1.0000E+00  4.2467E+00  1.7539E+03
  1.0000E+00  5.1600E+02  2.2000E+01  0.0000E+00  5.0000E+00  8.7897E-09  3.2670E+04  2.4156E+01  5.6927E+00  3.9778E+00  5.1271E-02  5.7830E+00  1.0000E+00  3.9946E+00  1.6497E+03
  1.0000E+00  5.2200E+02  2.2000E+01  0.0000E+00  5.0000E+00  4.4426E-15  3.0731E+04  2.3908E+01  5.7243E+00  3.9659E+00  5.1851E-02  5.7745E+00  1.0000E+00  3.7575E+00  1.5518E+03
  1.0000E+00  5.2800E+02  2.2000E+01  0.0000E+00  5.0000E+00 -7.1412E-18  2.8908E+04  2.3357E+01  5.7463E+00  3.9295E+00  5.2431E-02  5.7516E+00  1.0000E+00  3.5346E+00  1.4597E+03
  1.0000E+00  5.3400E+02  2.3000E+01  0.0000E+00  5.0000E+00  1.1002E-02  3.4767E+04  2.3990E+01  5.7925E+00  3.9688E+00  5.3011E-02  5.7729E+00  1.0000E+00  4.2510E+00  1.7556E+03
  1.0000E+00  5.4000E+02  2.3000E+01  0.0000E+00  5.0000E+00  8.7897E-09  3.2703E+04  2.4186E+01  5.8318E+00  3.9859E+00  5.3591E-02  5.7812E+00  1.0000E+00  3.9986E+00  1.6514E+03
  1.0000E+00  5.4600E+02  2.3000E+01  0.0000E+00  5.0000E+00  4.4426E-15  3.0762E+04  2.3937E+01  5.8607E+00  3.9736E+00  5.4170E-02  5.7724E+00  1.0000E+00  3.7613E+00  1.5534E+03
  1.0000E+00  5.5200E+02  2.3000E+01  0.0000E+00  5.0000E+00 -7.1412E-18  2.8937E+04  2.3384E+01  5.8799E+00  3.9368E+00  5.4748E-02  5.7492E+00  1.0000E+00  3.5381E+00  1.4612E+03
  1.0000E+00  5.5800E+02  2.4000E+01  0.0000E+00  5.0000E+00  1.1002E-02  3.4794E+04  2.4015E+01  5.9235E+00  3.9756E+00  5.5327E-02  5.7702E+00  1.0000E+00  4.2544E+00  1.7570E+03
  1.0000E+00  5.6400E+02  2.4000E+01  0.0000E+00  5.0000E+00  8.7897E-09  3.2729E+04  2.4210E+01  5.9601E+00  3.9924E+00  5.5905E-02  5.7783E+00  1.0000E+00  4.0018E+00  1.6527E+03
  1.0000E+00  5.7000E+02  2.4000E+01  0.0000E+00  5.0000E+00  4.4426E-15  3.0786E+04  2.3959E+01  5.9864E+00  3.9797E+00  5.6482E-02  5.7693E+00  1.0000E+00  3.7643E+00  1.5546E+03
  1.0000E+00  5.7600E+02  2.4000E+01  0.0000E+00  5.0000E+00 -7.1412E-18  2.8959E+04  2.3405E+01  6.0031E+00  3.9425E+00  5.7059E-02  5.7460E+00  1.0000E+00  3.5409E+00  1.4624E+03
  1.0000E+00  5.8200E+02  2.5000E+01  0.0000E+00  5.0000E+00  1.1002E-02  3.4816E+04  2.4034E+01  6.0441E+00  3.9810E+00  5.7636E-02  5.7668E+00  1.0000E+00  4.2570E+00  1.7581E+03
  1.0000E+00  5.8800E+02  2.5000E+01  0.0000E+00  5.0000E+00  8.7897E-09  3.2749E+04  2.4228E+01  6.0783E+00  3.9974E+00  5.8213E-02  5.7746E+00  1.0000E+00  4.0043E+00  1.6537E+03
  1.0000E+00  5.9400E+02  2.5000E+01  0.0000E+00  5.0000E+00  4.4426E-15  3.0805E+04  2.3976E+01  6.1022E+00  3.9844E+00  5.8789E-02  5.7655E+00  1.0000E+00  3.7666E+00  1.5556E+03
  1.0000E+00  6.0000E+02  2.5000E+01  0.0000E+00  5.0000E+00 -7.1412E-18  2.8977E+04  2.3421E+01  6.1166E+00  3.9469E+00  5.9365E-02  5.7421E+00  1.0000E+00  3.5431E+00  1.4633E+03
  1.0000E+00  6.0600E+02  2.6000E+01  0.0000E+00  5.0000E+00  1.1002E-02  3.4833E+04  2.4050E+01  6.1553E+00  3.9852E+00  5.9940E-02  5.7626E+00  1.0000E+00  4.2590E+00  1.7589E+03
  1.0000E+00  6.1200E+02  2.6000E+01  0.0000E+00  5.0000E+00  8.7897E-09  3.2765E+04  2.4242E+01  6.1873E+00  4.0013E+00  6.0516E-02  5.7703E+00  1.0000E+00  4.0062E+00  1.6545E+03
  1.0000E+00  6.1800E+02  2.6000E+01  0.0000E+00  5.0000E+00  4.4426E-15  3.0820E+04  2.3990E+01  6.2089E+00  3.9881E+00  6.1090E-02  5.7610E+00  1.0000E+00  3.7684E+00  1.5563E+03
  1.0000E+00  6.2400E+02  2.6000E+01  0.0000E+00  5.0000E+00 -7.1412E-18  2.8991E+04  2.3434E+01  6.2211E+00  3.9504E+00  6.1665E-02  5.7376E+00  1.0000E+00  3.5448E+00  1.4640E+03
  1.0000E+00  6.3000E+02  2.7000E+01  0.0000E+00  5.0000E+00  1.1002E-02  3.4846E+04  2.4062E+01  6.2577E+00  3.9884E+00  6.2239E-02  5.7580E+00  1.0000E+00  4.2606E+00  1.7596E+03
  1.0000E+00  6.3600E+02  2.7000E+01  0.0000E+00  5.0000E+00  8.7897E-09  3.2777E+04  2.4254E+01  6.2876E+00  4.0044E+00  6.2813E-02  5.7655E+00  1.0000E+00  4.0077E+00  1.6551E+03
  1.0000E+00  6.4200E+02  2.7000E+01  0.0000E+00  5.0000E+00  4.4426E-15  3.0832E+04  2.4000E+01  6.3072E+00  3.9910E+00  6.3386E-02  5.7562E+00  1.0000E+00  3.7698E+00  1.5569E+03
  1.0000E+00  6.4800E+02  2.7000E+01  0.0000E+00  5.0000E+00 -7.1412E-18  2.9002E+04  2.3444E+01  6.3174E+00  3.9531E+00  6.3959E-02  5.7327E+00  1.0000E+00  3.5461E+00  1.4645E+03
  1.0000E+00  6.5400E+02  2.8000E+01  0.0000E+00  5.0000E+00  1.1002E-02  3.4856E+04  2.4071E+01  6.3520E+00  3.9910E+00  6.4532E-02  5.7529E+00  1.0000E+00  4.2619E+00  1.7601E+03
  1.0000E+00  6.6000E+02  2.8000E+01  0.0000E+00  5.0000E+00  8.7897E-09  3.2787E+04  2.4263E+01  6.3799E+00  4.0068E+00  6.5104E-02  5.7604E+00  1.0000E+00  4.0089E+00  1.6556E+03
  1.0000E+00  6.6600E+02  2.8000E+01  0.0000E+00  5.0000E+00  4.4426E-15  3.0841E+04  2.4008E+01  6.3976E+00  3.9933E+00  6.5676E-02  5.7509E+00  1.0000E+00  3.7710E+00  1.5574E+03
  1.0000E+00  6.7200E+02  2.8000E+01  0.0000E+00  5.0000E+00 -7.1412E-18  2.9011E+04  2.3452E+01  6.4059E+00  3.9553E+00  6.6248E-02  5.7274E+00  1.0000E+00  3.5472E+00  1.4650E+03
  1.0000E+00  6.7800E+02  2.9000E+01  0.0000E+00  5.0000E+00  1.1002E-02  3.4864E+04  2.4078E+01  6.4387E+00  3.9930E+00  6.6819E-02  5.7475E+00  1.0000E+00  4.2629E+00  1.7605E+03
  1.0000E+00  6.8400E+02  2.9000E+01  0.0000E+00  5.0000E+00  8.7897E-09  3.2795E+04  2.4270E+01  6.4649E+00  4.0087E+00  6.7390E-02  5.7549E+00  1.0000E+00  4.0098E+00  1.6560E+03
  1.0000E+00  6.9000E+02  2.9000E+01  0.0000E+00  5.0000E+00  4.4426E-15  3.0848E+04  2.4015E+01  6.4808E+00  3.9951E+00  6.7960E-02  5.7454E+00  1.0000E+00  3.7718E+00  1.5577E+03
  1.0000E+00  6.9600E+02  2.9000E+01  0.0000E+00  5.0000E+00 -7.1412E-18  2.9018E+04  2.3458E+01  6.4874E+00  3.9570E+00  6.8531E-02  5.7219E+00  1.0000E+00  3.5480E+00  1.4653E+03
  1.0000E+00  7.0200E+02  3.0000E+01  0.0000E+00  5.0000E+00  1.1002E-02  3.4871E+04  2.4084E+01  6.5185E+00  3.9946E+00  6.9101E-02  5.7419E+00  1.0000E+00  4.2637E+00  1.7608E+03
  1.0000E+00  7.0800E+02  3.0000E+01  0.0000E+00  5.0000E+00  8.7897E-09  3.2800E+04  2.4275E+01  6.5430E+00  4.0102E+00  6.9670E-02  5.7492E+00  1.0000E+00  4.0106E+00  1.6563E+03
  1.0000E+00  7.1400E+02  3.0000E+01  0.0000E+00  5.0000E+00  4.4426E-15  3.0854E+04  2.4020E+01  6.5573E+00  3.9965E+00  7.0239E-02  5.7397E+00  1.0000E+00  3.7725E+00  1.5580E+03
  1.0000E+00  7.2000E+02  3.0000E+01  0.0000E+00  5.0000E+00 -7.1412E-18  2.9023E+04  2.3462E+01  6.5624E+00  3.9583E+00  7.0808E-02  5.7162E+00  1.0000E+00  3.5487E+00  1.4656E+03
